100026
100027
100028
100030
100031
100032
100033
100034
100035
100036
100037
100040
100045
100046
100070
100071
100072
100073
100077
100139
1001930
1001931
100322
100323
100330
100331
100335
100336
100339
100343
100345
100346
100349
100388
100471
100478
1004826
100506
1005266
1005267
1005268
1005269
1005270
1005271
1005272
1005273
1005275
1005276
1005277
1005278
1005279
1005280
1005281
1005282
1005283
1005284
1005285
1005286
1005287
1005288
1005289
1005290
1005291
1005292
100606
100638
100639
100641
100642
100643
100644
100646
100678
100679
100680
100681
100682
100727
100728
100729
100730
100732
100733
100815
100827
100831
100887
100894
1009280
101170
101187
101213
101214
1012236
101249
101250
1013014
1013015
101331
101332
101333
101337
101338
101339
101340
101341
101342
101397
1015402
101548
101550
101556
101558
101560
1015841
1016001
1016024
101619
101620
101632
101633
101634
101635
101636
1016856
1016874
1017010
1018273
1018274
1018275
1018276
1018278
1018279
1018295
101864
101865
101902
101951
101952
101953
101954
101955
101974
102028
102037
102038
102041
102066
1020669
1021166
1021167
102248
102249
102255
102257
102294
102295
102296
102375
102485
102625
102626
1028706
103042
103044
103081
103082
103085
103086
103087
103141
103142
103143
103144
103145
103196
103207
103211
103212
103284
103286
103289
103355
103356
103357
103358
103441
103455
103519
103537
103538
1036309
1036310
1036311
1036312
1036313
1036315
1036316
1036317
1036318
1036319
1036320
1036395
1036396
1036398
1036399
1036400
1036428
1036429
1036462
1036464
1036466
1036467
1036468
1036473
1036650
1036651
1036652
1036653
1036654
1036655
1036656
1036657
1037019
1037021
1037027
1037028
1037151
103737
103821
103824
103825
103826
1038432
1038433
1038434
1038435
1038436
1038439
1038440
1038441
1038446
1039823
1041432
104290
104294
104301
1043461
1043471
104400
104401
104402
104403
104404
104421
1044251
1044252
104431
104432
104442
104445
104511
104512
104513
104563
104639
104640
104644
104645
104646
104737
104738
104929
104930
104968
104969
105103
1051177
105120
1051670
105171
105174
105220
105230
105330
105336
1053374
1053375
1053377
105338
1053391
1053397
105348
1053568
1053874
105413
105414
1054518
105558
105559
105637
105662
105685
105686
105687
105690
105691
1056913
105692
105695
105696
105804
105805
105857
105858
105859
105860
105861
105862
105863
105865
105866
105867
105875
105924
105925
1059578
1059579
106039
106040
106090
106100
106146
106368
106370
1063851
1063852
1063853
1063855
1063857
1063858
1063859
1063860
1063861
1063863
1063864
1063865
1063866
1063944
1064115
1064655
1064679
1064680
1064682
1064683
1065030
1065031
1065032
106558
106559
106610
106611
106681
106683
1066896
1066897
1066898
1066899
1066900
1066901
106705
106725
106777
106778
106779
106780
106781
106782
106783
106784
106785
106786
106787
106788
106789
106841
1069352
106950
107007
107041
107046
107067
107068
107069
107070
107071
107100
1071710
107294
107295
107389
107390
107391
107392
107402
107436
107437
107438
107439
107440
107543
107544
107545
1075455
1075456
1075457
1075458
107554
107558
107586
107587
107909
107910
1079828
1080515
1081358
108199
1082149
1082231
108292
108293
108312
108313
108319
108321
108322
108328
108329
108330
108331
108332
108334
1083348
1083349
108335
1083350
1083351
1083352
1083353
1083354
108336
108337
108338
108339
108340
108341
108482
108517
108518
1085684
1085685
1085686
108579
108613
108616
108617
108618
108619
108620
108693
1087135
108771
108785
1088224
108858
108884
109014
109015
109021
109086
109087
109088
109089
109090
109091
109118
109131
109132
109136
109138
109176
1093113
1093114
109344
1093600
109414
109459
1095207
1095208
1095209
1095210
1095211
109729
109730
109772
109926
1099669
1099671
1099672
110026
110027
110028
110029
110030
110031
110042
110044
110047
110131
110132
110172
110204
110205
110207
110209
110211
1102667
110356
110358
110370
110371
110375
1103938
1103939
110444
110457
110699
110703
110707
110709
110710
110711
110715
110716
110717
110718
110719
110720
110722
110723
110780
110781
110782
110785
110787
110792
110793
110794
110796
110803
110834
110836
110837
110905
110906
110908
110909
110910
110911
110912
110919
110928
110950
110955
1109707
110980
110998
111006
111010
111013
111021
111046
111048
111261
111388
111394
111399
111400
111402
111404
111551
111587
111588
111599
111624
111626
1120760
1120761
1120762
1120763
1120764
1120766
1120767
1120768
1120769
1120770
1120771
1120772
1120774
1120775
1120776
1120777
1120778
1120779
1120780
112333
112419
112421
112539
112540
112542
112544
112546
1126612
1126613
1126614
1126615
1126616
1126618
112776
112778
112831
112833
112834
112852
112854
112856
1129073
1129074
1129075
1129076
1129077
1129078
1129079
1129081
1129082
1129083
1129084
1129085
1129086
112916
112918
112919
112920
112921
112922
112925
112928
112929
112930
112931
112932
112940
112941
1129818
112996
112997
112998
112999
113001
1130078
1130082
113125
113126
113127
113128
113134
1131717
113340
113341
113417
113418
113419
113420
113421
113422
113653
113858
113861
113862
113863
113864
113865
113867
113868
113869
113887
113889
113890
113891
113908
113956
113999
114255
114438
1146162
1146164
1146166
1146168
1146169
1146170
1146171
1146172
1146173
1146175
1146176
1146177
1146178
1146179
1146180
1146181
1146184
1146185
1146186
1146187
1146188
1146189
1146190
1146192
1146193
1146195
1146196
1146197
1146199
1146260
1146724
1147240
1148096
1148449
1150177
115051
115054
115059
115060
115061
115062
115063
115064
115066
115067
115068
115069
115070
1153643
1153645
115532
115601
1156747
115733
1158261
1158262
1158263
1158266
1158267
1158268
1158269
116051
116063
116064
116065
116066
116067
116068
116069
116072
116073
116074
116075
116076
116078
116080
116291
1164424
116862
116863
116870
116872
116875
116876
116878
116890
116891
116893
116896
116999
117000
117005
117007
117010
117011
117014
117018
117019
117139
117150
117423
117428
1174394
1174395
1174397
1174398
1174408
117523
117524
117525
117526
1176416
1176417
1176418
1176419
1176420
1176421
1176422
1176424
117647
1179042
117949
117950
117952
118032
118033
118035
118037
118288
118289
118290
118292
118293
118294
118295
118297
118298
118299
118301
118302
118303
118304
118306
118307
118309
118317
1185140
118656
118657
118676
118677
118678
118679
118681
118682
118714
118768
118893
118895
118899
118904
118908
118909
118914
118916
118920
118921
118923
119052
119238
119247
119829
119830
119831
119918
1203191
120755
120756
1207593
1207650
1207651
1207652
1207653
1207654
1207655
1207656
1207658
1207659
1207660
1207661
1207662
1207664
1207668
1207670
1207671
1207672
120787
120789
120791
120792
121118
1211688
1211689
1211690
1211691
1211692
1211693
1213332
121395
121396
121397
121398
121399
121400
121401
1215157
121535
1215417
1215418
121869
122200
122201
122308
122309
1223317
122351
122354
1223672
1223673
1223674
122390
1224383
1224384
1224385
1224386
1224387
1224388
122550
122551
122715
122796
1228189
1228190
1228192
1228193
1228194
1228196
1228197
1228198
1228200
1228624
122866
122868
122870
122947
123045
1231077
123303
123353
123354
123472
123787
123794
123811
123958
124034
124035
124038
124039
124040
124041
124042
124043
124249
124336
124358
124360
124362
124367
124368
124369
124370
124371
124372
124373
124375
124526
124532
124533
124534
124535
124614
124707
124708
124709
125066
125071
1255206
1258096
126195
126196
126197
126282
126284
126286
126544
126545
126813
126820
127152
127214
127243
127316
1273628
1273629
1273630
1275114
1275115
1275117
1277085
127890
127891
1282328
128336
128344
128350
128373
128482
128483
128484
128485
128558
128584
128640
1287882
1287883
1288648
1288650
1288652
128911
128913
128914
128915
129051
1291011
129108
129109
129111
129287
129288
129789
129872
129889
129890
129891
129894
129895
129896
129898
129899
129909
129910
129911
129912
129914
129915
129916
129918
129919
129920
129922
129923
129924
129925
129927
129928
129929
129930
129931
129932
129936
129978
129979
129987
129992
130003
130014
130015
130016
130030
130031
130036
130042
130046
130057
130061
130206
130449
1307396
1307397
1307398
1307399
1307400
130962
130964
130967
130968
130971
130973
130974
130975
130976
130977
131090
131091
131105
1312949
1312951
1312952
1312953
1312954
1312955
1312956
1312957
1312959
1312960
1312961
1312962
1312963
1312964
1312965
1312968
1312969
1312970
1312971
1312972
1312973
1312974
1313200
131326
131328
131329
1313532
1313533
1313554
131372
131374
131376
1313801
131443
131453
1315831
1315836
1315837
1315838
1315839
1315840
1315842
1315843
1315844
1315845
131602
131720
131723
131725
131727
131730
131969
132053
132054
132055
132056
132057
132059
132060
132062
132204
1322464
1322465
132349
132420
132421
132422
132423
132424
132425
132427
132428
132429
132430
132431
132433
132435
132436
132438
132440
132441
132442
132444
132446
132447
132449
132450
1324574
132536
1327299
1329184
1329185
1329188
133078
133086
133275
133276
133374
133568
133582
133776
1339228
133991
133993
133994
1341427
1341742
1341743
1341744
1341745
1344038
1344039
1344040
1344041
1344042
1344043
1344044
1344046
1344047
1344048
1344049
1344050
1344051
1344052
1344054
1344055
1344056
1344057
1344058
1344059
1344060
134543
134601
134603
134609
134611
134612
134613
134618
134619
134621
134622
134623
134624
134630
134633
134636
134637
1349593
135062
135065
135066
135071
135072
135074
135075
135078
135079
1351747
135214
135215
135216
135217
135219
135220
135221
135222
135363
135364
135365
135456
135457
135458
135459
135460
135461
135462
135493
1356107
1356633
1356634
1356635
1356636
1356637
1356640
1356641
1356642
1356644
1356645
1356647
1356650
1356652
1356653
135675
135676
135677
135701
135753
135803
135805
135806
135808
135810
136023
136024
136167
136235
136236
136243
136385
136393
136394
136403
136404
136405
136523
136634
136635
136638
136639
136640
136935
1371988
137229
137707
1378611
138039
138054
138056
138095
138102
138178
138179
138183
138185
138186
138188
138189
138192
138193
138195
138197
138199
138200
138201
138202
138203
138207
138253
1382593
1382594
1382595
1382596
1382598
1382599
1382600
1382601
1382602
1384321
1384322
138581
1387346
1389866
1389867
1395582
1395585
139623
139645
139646
139655
1396885
1396886
1396889
1396890
1396891
1396892
1396893
1396894
1396897
1396899
1396900
1396901
1396903
1396904
1396905
1396907
1396908
1396909
1396910
1396911
139737
139763
139764
139765
139767
1399249
139934
1399418
140545
140547
1409877
1411168
1411169
1411685
1411687
1411688
1411689
1411690
1411691
1411692
1411693
1411695
1411697
1411698
1411699
1411700
1411701
1417953
1417954
1417955
1417956
1417957
1417958
1417959
1417961
1417962
1417963
1417965
1417966
1432740
1432741
1435439
1436277
1436278
1437919
144422
1450317
1450318
1450319
1450320
1450321
1450323
1451898
1451899
1451900
1451901
1452669
1452672
1452673
1452674
1452675
1452676
1452678
1452679
1452680
1452681
145328
145329
145330
145352
1453582
145363
145365
1454014
1454015
1454016
1454018
145419
1454387
1454388
1454389
145495
145496
145499
145500
145501
145502
145503
145504
145507
1455627
1458668
1458669
1458670
1458672
1458673
1458674
1458675
1458676
1458677
1458678
1458680
1458681
1458682
1458683
1458684
1458685
1458686
1458688
1458689
1458690
1458691
1458692
1458693
1458694
1458696
1458697
1458698
1458699
1458700
1458701
1458702
1458704
1458705
1458706
1461200
1464288
1464289
147463
148292
148293
1482988
1482990
1483720
1483721
1484067
148764
1489589
1489591
1489592
1489593
1489597
1489599
1490842
1490844
1492345
1501544
1501545
1501546
1501547
1501591
1502911
1504272
1505017
1505018
1505019
1505023
1505025
1505026
1505027
1505032
1505033
1505034
1505036
1505134
1509643
1512169
151360
151365
151370
151376
1514493
1514903
1514906
1516887
1517909
1517923
1519467
1519468
1519471
1522954
1527408
1527409
1527410
152773
152775
152776
153098
153100
153101
153102
153368
153369
153377
1535135
1535137
1535140
1536353
1536354
1536355
153852
153948
153956
153957
153959
153961
153963
153964
153966
153968
1559370
1559483
1566089
1566090
157174
1572114
1572508
157812
1581199
1581200
1581202
1582374
1582376
1582377
1582378
1582379
1582380
1582381
1582382
1582384
1582385
1582386
1582387
1582388
1582389
1582390
1582392
1582393
1582395
1582396
1582397
1582398
1582400
1582401
1582402
1582403
1582404
1582405
1582406
1582408
1582409
1582410
1582411
1582412
1582413
1582414
1582416
1582417
1582418
1582419
1582420
1582421
1582422
1582424
1582425
1582427
1582428
1582429
1582430
1582432
1582433
1582434
1582435
1582436
1582438
158248
158249
158250
1591710
1592665
1592666
159693
159696
1600243
1600244
1600245
1600246
1600247
1600249
1600250
1601763
161026
161092
161093
161094
1614063
1614064
1614065
161461
161717
161718
1620053
1620054
1620055
1620057
1620061
1620062
1620063
1620064
1620066
1620068
162100
1621241
162282
162283
162284
162285
162330
162331
162332
162333
162334
162335
162336
162338
162340
162399
1624039
1626828
1628448
1628454
1628455
162861
162862
162863
162892
162898
1629496
163738
163740
163758
163761
163762
163763
163764
1646931
165154
1652975
1652976
165846
165847
166277
166280
1663773
1663774
167064
167069
167107
167108
167110
167111
167112
167113
167114
167850
168074
168078
168079
1681115
1681116
1681118
1681119
1681120
1681121
1681122
1681124
1681183
1681184
1681237
1681239
168904
168905
168906
168907
168908
168909
168928
169526
1700791
170134
1706456
1706457
1706458
1706459
1706460
1706463
1706464
1706465
1706466
1706467
1706471
1706472
1706474
1706475
1706476
1716276
1716278
1716280
1716281
1716286
1717684
1717685
1717686
1722406
1722408
1722409
1722411
1722412
1722413
1722414
1722415
1722417
1722418
1722420
1750622
1750623
1758046
175915
177007
177009
1772312
1772543
1772593
1777452
178192
178193
178194
178195
178197
178200
178201
178202
178226
178340
180692
185290
185293
185719
186199
186200
186201
186202
186203
186541
186542
186544
186546
186547
186549
186550
186551
186552
186553
186554
186555
186557
186559
186560
187279
187280
187281
187283
187284
187285
187991
187992
188402
188403
188495
188501
188502
188504
188505
188506
189519
190247
190248
190249
190250
190253
190399
190401
190402
190415
190698
191072
191078
191079
191081
191369
191968
192039
192041
192042
193955
194884
195680
195696
195698
195700
196121
196122
196123
196187
196188
196189
196191
196192
196193
196194
196195
196196
196207
196209
196210
196211
199524
199659
199661
199662
199663
199664
199820
200003
200004
200005
200006
200007
200009
200010
200011
200074
200075
200076
200077
200079
200080
200081
200082
200083
200212
200369
200684
200685
200687
200688
200689
200690
200691
200693
200694
200696
200697
200961
200962
200964
200965
200966
200967
200968
200969
200973
201960
201962
202263
202265
202266
202267
203280
203284
203286
203288
203290
203298
203344
204267
204392
204393
204397
