00000002
00000003
00000004
00000006
00000007
00000009
00000015
00000016
00000017
00000018
00000019
00000020
00000022
00000026
00000027
00000028
00000029
00000030
00000031
00000034
00000036
00000042
00000053
00000054
00000057
00000058
00000060
00000061
00000063
00000065
00000066
00000067
00000068
00000069
00000070
00000071
00000072
00000074
00000075
00000077
00000078
00000079
00000080
00000081
00000088
00000089
00000090
00000091
00000093
00000098
00000102
00000104
00000105
00000106
00000107
00000111
00000112
00000114
00000115
00000119
00000120
00000121
00000123
00000124
00000125
00000126
00000127
00000128
00000129
00000130
00000131
00000132
00000133
00000134
00000136
00000139
00000140
00000141
00000142
00000144
00000145
00000146
00000152
00000153
00000154
00000157
00000159
00000160
00000161
00000162
00000163
00000164
00000165
00000166
00000167
00000168
00000170
00000171
00000173
00000174
00000175
00000176
00000177
00000178
00000179
00000180
00000181
00000182
00000186
00000190
00000206
00000212
00000213
00000215
00000220
00000221
00000231
00000233
00000237
00000238
00000239
00000240
00000241
00000243
00000246
00000247
00000248
00000249
00000250
00000256
00000257
00000258
00000259
00000260
00000262
00000263
00000265
00000266
00000267
00000268
00000269
00000270
00000271
00000272
00000273
00000274
00000275
00000276
00000278
00000280
00000282
00000283
00000284
00000285
00000287
00000288
00000289
00000291
00000292
00000293
00000295
00000296
00000297
00000298
00000301
00000302
00000303
00000305
00000306
00000307
00000308
00000309
00000310
00000311
00000312
00000314
00000315
00000316
00000318
00000325
00000327
00000328
00000329
00000330
00000335
00000336
00000337
00000340
00000342
00000345
00000346
00000347
00000348
00000349
00000350
00000352
00000354
00000355
00000356
00000357
00000358
00000363
00000364
00000365
00000366
00000368
00000369
00000370
00000371
00000372
00000374
00000375
00000376
00000377
00000378
00000379
00000382
00000383
00000384
00000385
00000386
00000389
00000392
00000399
00000400
00000401
00000404
00000405
00000406
00000407
00000408
00000410
00000411
00000413
00000417
00000418
00000421
00000423
00000424
00000428
00000430
00000437
00000441
00000443
00000444
00000446
00000459
00000462
00000466
00000468
00000469
00000470
00000474
00000477
00000485
00000488
00000489
00000492
00000495
00000499
00000500
00000501
00000502
00000504
00000508
00000509
00000510
00000511
00000512
00000513
00000515
00000522
00000523
00000525
00000526
00000541
00000542
00000543
00000544
00000549
00000550
00000551
00000552
00000559
00000562
00000566
00000567
00000568
00000574
00000575
00000577
00000578
00000582
00000583
00000585
00000597
00000598
00000600
00000601
00000605
00000606
00000608
00000609
00000610
00000611
00000613
00000615
00000616
00000617
00000618
00000619
00000620
00000622
00000624
00000626
00000627
00000629
00000630
00000632
00000633
00000635
00000636
00000637
00000638
00000639
00000641
00000642
00000643
00000652
00000653
00000654
00000655
00000658
00000659
00000660
00000661
00000678
00000680
00000682
00000684
00000685
00000686
00000688
00000690
00000691
00000693
00000694
00000695
00000696
00000698
00000699
00000703
00000704
00000705
00000706
00000707
00000708
00000709
00000710
00000711
00000712
00000714
00000715
00000716
00000718
00000719
00000720
00000721
00000723
00000724
00000725
00000726
00000727
00000731
00000733
00000734
00000737
00000738
00000739
00000740
00000741
00000742
00000743
00000744
00000745
00000751
00000752
00000755
00000756
00000757
00000758
00000759
00000760
00000763
00000764
00000765
00000770
00000771
00000772
00000774
00000796
00000799
00000800
00000801
00000802
00000804
00000808
00000809
00000812
00000813
00000814
00000815
00000816
00000817
00000819
00000820
00000822
00000823
00000824
00000825
00000826
00000827
00000828
00000829
00000830
00000832
00000833
00000834
00000835
00000837
00000842
00000843
00000845
00000846
00000847
00000848
00000849
00000852
00000853
00000855
00000856
00000858
00000862
00000863
00000865
00000866
00000867
00000868
00000869
00000870
00000871
00000872
00000874
00000877
00000878
00000879
00000880
00000882
00000884
00000885
00000886
00000887
00000888
00000889
00000890
00000892
00000894
00000896
00000897
00000900
00000903
00000904
00000905
00000906
00000908
00000912
00000913
00000915
00000919
00000920
00000922
00000923
00000927
00000928
00000929
00000930
00000931
00000934
00000935
00000941
00000942
00000944
00000946
00000947
00000948
00000949
00000950
00000952
00000953
00000954
00000955
00000956
00000958
00000960
00000961
00000962
00000965
00000966
00000967
00000969
00000970
00000971
00000972
00000973
00000974
00000976
00000980
00000984
00000986
00000992
00000998
00000999
00001000
00001001
00001002
00001005
00001007
00001008
00001009
00001010
00001011
00001012
00001013
00001014
00001015
00001016
00001018
00001019
00001020
00001024
00001025
00001026
00001027
00001029
00001034
00001036
00001037
00001038
00001041
00001042
00001044
00001045
00001047
00001051
00001057
00001060
00001062
00001063
00001064
00001065
00001067
00001069
00001070
00001071
00001083
00001095
00001097
00001099
00001103
00001105
00001107
00001108
00001112
00001115
00001119
00001121
00001124
00001126
00001127
00001128
00001130
00001139
00001140
00001143
00001144
00001146
00001154
00001157
00001159
00001161
00001162
00001164
00001166
00001168
00001169
00001170
00001172
00001173
00001175
00001176
00001177
00001181
00001182
00001183
00001186
00001189
00001190
00001192
00001193
00001196
00001201
00001202
00001203
00001204
00001206
00001207
00001208
00001210
00001211
00001212
00001213
00001214
00001215
00001220
00001221
00001223
00001225
00001228
00001234
00001235
00001236
00001237
00001238
00001239
00001242
00001243
00001245
00001246
00001247
00001249
00001255
00001256
00001258
00001259
00001262
00001263
00001270
00001272
00001274
00001277
00001278
00001285
00001300
00001301
00001302
00001304
00001305
00001306
00001308
00001309
00001311
00001312
00001313
00001314
00001317
00001318
00001319
00001320
00001321
00001322
00001323
00001324
00001328
00001329
00001330
00001331
00001333
00001334
00001336
00001337
00001338
00001339
00001341
00001343
00001345
00001346
00001348
00001349
00001353
00001356
00001358
00001360
00001371
00001373
00001374
00001375
00001376
00001377
00001380
00001381
00001382
00001384
00001385
00001386
00001387
00001389
00001390
00001391
00001392
00001393
00001394
00001398
00001399
00001400
00001401
00001402
00001403
00001404
00001406
00001408
00001410
00001412
00001413
00001414
00001417
00001422
00001423
00001426
00001427
00001428
00001429
00001430
00001431
00001432
00001433
00001434
00001437
00001438
00001439
00001440
00001442
00001444
00001445
00001446
00001449
00001450
00001451
00001453
00001454
00001456
00001457
00001458
00001459
00001460
00001461
00001466
00001467
00001468
00001469
00001470
00001471
00001472
00001473
00001474
00001475
00001477
00001480
00001482
00001483
00001484
00001485
00001486
00001487
00001490
00001491
00001494
00001495
00001496
00001497
00001498
00001499
00001500
00001501
00001502
00001503
00001504
00001505
00001508
00001509
00001510
00001511
00001512
00001517
00001519
00001520
00001525
00001532
00001535
00001536
00001537
00001538
00001539
00001540
00001541
00001543
00001544
00001549
00001552
00001553
00001554
00001555
00001557
00001559
00001560
00001561
00001563
00001567
00001577
00001578
00001579
00001580
00001581
00001592
00001594
00001595
00001598
00001599
00001600
00001601
00001613
00001615
00001617
00001622
00001623
00001624
00001625
00001626
00001628
00001630
00001632
00001633
00001634
00001636
00001637
00001638
00001640
00001641
00001642
00001643
00001644
00001645
00001646
00001649
00001650
00001656
00001657
00001659
00001661
00001663
00001664
00001666
00001668
00001672
00001675
00001677
00001679
00001680
00001683
00001684
00001685
00001686
00001687
00001691
00001692
00001694
00001695
00001698
00001702
00001705
00001706
00001707
00001708
00001711
00001712
00001714
00001718
00001721
00001722
00001723
00001724
00001727
00001728
00001729
00001733
00001735
00001736
00001737
00001738
00001739
00001740
00001744
00001745
00001746
00001749
00001750
00001754
00001755
00001764
00001765
00001766
00001769
00001770
00001771
00001775
00001776
00001777
00001779
00001782
00001783
00001784
00001785
00001787
00001789
00001791
00001792
00001794
00001795
00001796
00001797
00001798
00001799
00001800
00001801
00001803
00001805
00001806
00001807
00001811
00001812
00001813
00001814
00001815
00001816
00001817
00001819
00001820
00001821
00001822
00001824
00001825
00001828
00001835
00001837
00001840
00001842
00001855
00001857
00001858
00001859
00001860
00001862
00001865
00001866
00001867
00001869
00001871
00001872
00001873
00001875
00001876
00001877
00001883
00001885
00001892
00001893
00001894
00001895
00001896
00001897
00001900
00001901
00001904
00001905
00001906
00001907
00001908
00001909
00001910
00001911
00001912
00001913
00001917
00001922
00001923
00001924
00001925
00001926
00001927
00001928
00001929
00001930
00001931
00001932
00001933
00001934
00001935
00001936
00001937
00001949
00001951
00001956
00001958
00001962
00001963
00001965
00001966
00001969
00001970
00001971
00001972
00001973
00001974
00001976
00001977
00001978
00001980
00001983
00001984
00001985
00001986
00001987
00001988
00001989
00001990
00001992
00001993
00001995
00001998
00001999
00002000
00002001
00002005
00002006
00002007
00002008
00002011
00002012
00002015
00002017
00002018
00002019
00002020
00002021
00002023
00002025
00002027
00002029
00002031
00002032
00002033
00002035
00002037
00002039
00002043
00002044
00002046
00002050
00002052
00002055
00002056
00002057
00002058
00002060
00002063
00002065
00002066
00002067
00002070
00002071
00002072
00002073
00002076
00002077
00002083
00002085
00002086
00002090
00002091
00002096
00002098
00002099
00002100
00002104
00002105
00002106
00002107
00002111
00002114
00002119
00002121
00002122
00002126
00002129
00002131
00002135
00002136
00002138
00002139
00002143
00002144
00002146
00002155
00002156
00002157
00002159
00002161
00002162
00002163
00002164
00002165
00002166
00002167
00002168
00002169
00002170
00002171
00002173
00002178
00002183
00002184
00002185
00002186
00002188
00002189
00002190
00002193
00002195
00002196
00002197
00002199
00002200
00002201
00002202
00002203
00002207
00002208
00002210
00002214
00002216
00002217
00002218
00002219
00002220
00002222
00002223
00002224
00002225
00002226
00002228
00002229
00002230
00002231
00002232
00002235
00002236
00002238
00002239
00002240
00002241
00002243
00002244
00002245
00002248
00002249
00002250
00002254
00002255
00002256
00002258
00002259
00002260
00002263
00002264
00002265
00002267
00002270
00002271
00002272
00002276
00002277
00002278
00002279
00002280
00002282
00002283
00002284
00002285
00002286
00002288
00002290
00002291
00002294
00002296
00002297
00002298
00002299
00002303
00002305
00002306
00002308
00002312
00002316
00002317
00002318
00002319
00002320
00002321
00002325
00002326
00002328
00002331
00002334
00002335
00002337
00002338
00002339
00002340
00002341
00002345
00002346
00002347
00002352
00002353
00002354
00002357
00002358
00002359
00002360
00002361
00002363
00002364
00002366
00002367
00002368
00002369
00002371
00002372
00002373
00002374
00002375
00002379
00002380
00002381
00002384
00002385
00002386
00002388
00002389
00002393
00002394
00002396
00002397
00002398
00002404
00002405
00002406
00002407
00002409
00002410
00002411
00002412
00002414
00002415
00002418
00002419
00002420
00002421
00002422
00002423
00002424
00002425
00002426
00002430
00002440
00002443
00002444
00002445
00002447
00002451
00002452
00002454
00002455
00002456
00002457
00002458
00002459
00002460
00002464
00002465
00002466
00002468
00002469
00002470
00002471
00002472
00002474
00002481
00002482
00002485
00002486
00002488
00002489
00002494
00002495
00002496
00002503
00002504
00002505
00002506
00002507
00002508
00002510
00002513
00002515
00002516
00002517
00002518
00002519
00002520
00002521
00002522
00002523
00002524
00002525
00002526
00002527
00002531
00002532
00002533
00002534
00002535
00002539
00002541
00002545
00002546
00002547
00002548
00002549
00002551
00002552
00002553
00002556
00002559
00002562
00002564
00002566
00002567
00002568
00002569
00002570
00002571
00002572
00002573
00002574
00002576
00002578
00002579
00002580
00002581
00002582
00002583
00002584
00002588
00002589
00002590
00002593
00002594
00002597
00002601
00002602
00002603
00002605
00002606
00002610
00002611
00002612
00002613
00002616
00002617
00002618
00002620
00002621
00002622
00002623
00002624
00002625
00002626
00002629
00002631
00002633
00002634
00002636
00002637
00002639
00002640
00002645
00002646
00002647
00002648
00002649
00002650
00002652
00002653
00002657
00002658
00002659
00002660
00002663
00002665
00002666
00002667
00002670
00002677
00002678
00002679
00002680
00002681
00002682
00002683
00002685
00002687
00002689
00002690
00002691
00002692
00002693
00002694
00002695
00002696
00002698
00002699
00002701
00002702
00002704
00002707
00002708
00002709
00002710
00002711
00002712
00002716
00002717
00002718
00002719
00002721
00002722
00002723
00002725
00002727
00002728
00002729
00002730
00002733
00002734
00002737
00002738
00002740
00002742
00002743
00002744
00002745
00002748
00002749
00002750
00002751
00002752
00002754
00002758
00002762
00002763
00002768
00002770
00002772
00002777
00002780
00002781
00002785
00002786
00002787
00002791
00002793
00002795
00002798
00002799
00002800
00002803
00002804
00002805
00002806
00002807
00002808
00002814
00002817
00002818
00002820
00002821
00002828
00002835
00002839
00002840
00002841
00002843
00002844
00002847
00002848
00002849
00002850
00002851
00002852
00002853
00002854
00002857
00002858
00002859
00002861
00002864
00002865
00002866
00002867
00002868
00002869
00002870
00002871
00002872
00002873
00002874
00002875
00002876
00002878
00002879
00002880
00002882
00002883
00002884
00002886
00002888
00002890
00002891
00002895
00002897
00002898
00002899
00002900
00002901
00002904
00002906
00002907
00002908
00002909
00002910
00002914
00002915
00002916
00002919
00002925
00002927
00002928
00002932
00002934
00002935
00002936
00002942
00002944
00002945
00002946
00002954
00002956
00002957
00002958
00002959
00002961
00002963
00002964
00002965
00002967
00002972
00002973
00002974
00002975
00002976
00002978
00002979
00002980
00002981
00002982
00002983
00002988
00002989
00002992
00002996
00002998
00003000
00003001
00003002
00003004
00003005
00003006
00003007
00003008
00003009
00003012
00003015
00003016
00003017
00003018
00003020
00003021
00003022
00003023
00003024
00003027
00003033
00003034
00003035
00003036
00003043
00003044
00003045
00003048
00003050
00003056
00003059
00003062
00003063
00003071
00003072
00003073
00003074
00003075
00003077
00003083
00003088
00003089
00003092
00003097
00003102
00003103
00003107
00003109
00003110
00003112
00003113
00003114
00003115
00003117
00003118
00003119
00003120
00003122
00003123
00003124
00003125
00003127
00003128
00003130
00003131
00003134
00003135
00003138
00003141
00003142
00003143
00003144
00003146
00003150
00003151
00003154
00003155
00003156
00003157
00003158
00003159
00003160
00003164
00003165
00003166
00003170
00003173
00003175
00003176
00003177
00003178
00003179
00003181
00003183
00003184
00003185
00003187
00003190
00003193
00003194
00003195
00003196
00003197
00003198
00003199
00003200
00003202
00003203
00003204
00003205
00003207
00003208
00003209
00003210
00003211
00003213
00003216
00003217
00003218
00003219
00003220
00003221
00003232
00003233
00003239
00003240
00003243
00003247
00003248
00003251
00003255
00003256
00003258
00003259
00003260
00003261
00003262
00003266
00003267
00003268
00003269
00003270
00003271
00003272
00003273
00003275
00003278
00003280
00003281
00003283
00003287
00003288
00003290
00003291
00003292
00003294
00003297
00003299
00003300
00003301
00003302
00003303
00003304
00003306
00003307
00003308
00003309
00003312
00003313
00003318
00003319
00003324
00003326
00003328
00003329
00003330
00003331
00003332
00003336
00003337
00003338
00003339
00003340
00003342
00003343
00003344
00003345
00003346
00003347
00003348
00003350
00003351
00003352
00003354
00003355
00003356
00003357
00003358
00003359
00003362
00003365
00003367
00003368
00003369
00003370
00003371
00003372
00003373
00003375
00003377
00003381
00003382
00003385
00003386
00003388
00003390
00003391
00003393
00003395
00003396
00003397
00003398
00003399
00003400
00003401
00003402
00003403
00003405
00003406
00003407
00003408
00003413
00003414
00003415
00003416
00003419
00003424
00003425
00003427
00003428
00003432
00003434
00003435
00003436
00003437
00003438
00003443
00003444
00003451
00003452
00003453
00003454
00003455
00003456
00003457
00003458
00003460
00003461
00003477
00003478
00003481
00003484
00003485
00003487
00003488
00003489
00003491
00003498
00003501
00003502
00003505
00003509
00003511
00003513
00003514
00003515
00003517
00003524
00003525
00003527
00003528
00003529
00003531
00003532
00003537
00003538
00003540
00003541
00003542
00003544
00003551
00003552
00003553
00003557
00003558
00003560
00003562
00003564
00003565
00003569
00003570
00003572
00003574
00003578
00003581
00003583
00003585
00003586
00003587
00003588
00003593
00003598
00003602
00003604
00003605
00003607
00003611
00003613
00003616
00003617
00003618
00003620
00003630
00003632
00003633
00003634
00003639
00003640
00003641
00003643
00003645
00003648
00003649
00003652
00003657
00003659
00003660
00003665
00003666
00003667
00003668
00003674
00003676
00003678
00003679
00003680
00003681
00003682
00003685
00003686
00003687
00003688
00003689
00003690
00003694
00003695
00003702
00003703
00003704
00003705
00003706
00003709
00003710
00003711
00003712
00003713
00003716
00003717
00003718
00003720
00003728
00003730
00003731
00003732
00003733
00003734
00003737
00003740
00003746
00003748
00003749
00003750
00003751
00003753
00003754
00003755
00003756
00003758
00003759
00003762
00003763
00003764
00003765
00003766
00003769
00003770
00003771
00003772
00003773
00003775
00003778
00003780
00003781
00003782
00003783
00003784
00003785
00003786
00003787
00003788
00003789
00003796
00003801
00003802
00003803
00003804
00003805
00003808
00003809
00003810
00003813
00003814
00003815
00003816
00003817
00003819
00003820
00003821
00003822
00003823
00003824
00003827
00003828
00003830
00003831
00003832
00003834
00003838
00003839
00003844
00003846
00003847
00003856
00003857
00003858
00003859
00003860
00003864
00003866
00003867
00003869
00003872
00003874
00003875
00003876
00003877
00003878
00003880
00003881
00003882
00003884
00003885
00003891
00003892
00003895
00003896
00003897
00003900
00003905
00003906
00003907
00003908
00003910
00003912
00003913
00003915
00003916
00003917
00003919
00003920
00003922
00003925
00003929
00003930
00003931
00003932
00003935
00003937
00003940
00003950
00003952
00003953
00003954
00003957
00003959
00003960
00003961
00003962
00003963
00003966
00003970
00003971
00003974
00003976
00003979
00003980
00003981
00003982
00003983
00003984
00003986
00003987
00003988
00003999
00004000
00004004
00004005
00004006
00004007
00004009
00004013
00004014
00004016
00004017
00004018
00004020
00004022
00004023
00004024
00004025
00004027
00004031
00004035
00004036
00004037
00004038
00004039
00004040
00004041
00004042
00004045
00004049
00004050
00004053
00004054
00004055
00004056
00004057
00004058
00004061
00004062
00004064
00004066
00004067
00004068
00004069
00004071
00004072
00004073
00004078
00004081
00004083
00004084
00004086
00004088
00004094
00004095
00004097
00004098
00004106
00004108
00004113
00004114
00004116
00004117
00004118
00004123
00004124
00004130
00004132
00004143
00004144
00004146
00004148
00004155
00004160
00004168
00004173
00004174
00004177
00004183
00004190
00004193
00004196
00004197
00004199
00004201
00004202
00004203
00004205
00004208
00004209
00004210
00004212
00004213
00004214
00004218
00004220
00004222
00004224
00004226
00004229
00004231
00004234
00004235
00004236
00004237
00004238
00004239
00004240
00004243
00004245
00004250
00004251
00004252
00004253
00004255
00004256
00004257
00004259
00004260
00004261
00004264
00004265
00004266
00004267
00004268
00004269
00004270
00004271
00004273
00004274
00004275
00004276
00004277
00004278
00004279
00004280
00004281
00004282
00004283
00004285
00004286
00004287
00004288
00004290
00004291
00004292
00004296
00004297
00004298
00004299
00004300
00004301
00004302
00004304
00004305
00004306
00004307
00004308
00004309
00004311
00004313
00004315
00004316
00004320
00004322
00004323
00004324
00004326
00004327
00004329
00004330
00004333
00004334
00004338
00004339
00004340
00004342
00004345
00004346
00004347
00004352
00004353
00004356
00004357
00004359
00004360
00004361
00004362
00004363
00004364
00004365
00004366
00004367
00004368
00004369
00004372
00004373
00004374
00004375
00004381
00004382
00004383
00004384
00004386
00004387
00004388
00004390
00004391
00004393
00004395
00004396
00004397
00004398
00004399
00004400
00004403
00004404
00004405
00004406
00004407
00004408
00004409
00004410
00004411
00004413
00004414
00004415
00004416
00004418
00004419
00004421
00004423
00004424
00004427
00004428
00004429
00004431
00004432
00004433
00004434
00004435
00004437
00004441
00004447
00004448
00004449
00004451
00004452
00004453
00004455
00004456
00004457
00004458
00004460
00004461
00004464
00004465
00004467
00004472
00004473
00004475
00004477
00004480
00004483
00004484
00004487
00004488
00004490
00004491
00004492
00004493
00004495
00004496
00004497
00004502
00004505
00004509
00004511
00004512
00004513
00004514
00004515
00004518
00004519
00004522
00004525
00004527
00004529
00004530
00004531
00004533
00004534
00004536
00004539
00004545
00004546
00004548
00004550
00004551
00004552
00004553
00004554
00004555
00004558
00004560
00004561
00004562
00004563
00004567
00004569
00004570
00004572
00004573
00004574
00004575
00004578
00004582
00004584
00004585
00004588
00004589
00004590
00004593
00004594
00004595
00004596
00004598
00004600
00004603
00004605
00004606
00004607
00004608
00004609
00004613
00004615
00004616
00004617
00004618
00004619
00004621
00004622
00004623
00004624
00004625
00004627
00004628
00004630
00004631
00004635
00004637
00004638
00004639
00004640
00004641
00004642
00004643
00004644
00004645
00004646
00004648
00004649
00004654
00004656
00004657
00004663
00004664
00004665
00004666
00004668
00004669
00004670
00004671
00004673
00004674
00004675
00004677
00004678
00004679
00004680
00004682
00004683
00004684
00004686
00004687
00004690
00004691
00004692
00004694
00004695
00004697
00004698
00004699
00004700
00004701
00004704
00004706
00004707
00004708
00004712
00004713
00004716
00004717
00004722
00004724
00004725
00004726
00004728
00004730
00004732
00004733
00004734
00004735
00004736
00004741
00004742
00004744
00004745
00004747
00004748
00004749
00004756
00004763
00004764
00004765
00004766
00004767
00004768
00004769
00004770
00004772
00004773
00004774
00004775
00004776
00004777
00004778
00004779
00004780
00004781
00004782
00004783
00004785
00004786
00004787
00004788
00004789
00004790
00004791
00004792
00004793
00004794
00004796
00004797
00004798
00004799
00004800
00004801
00004802
00004803
00004805
00004807
00004808
00004809
00004810
00004811
00004812
00004813
00004814
00004815
00004817
00004818
00004840
00004842
00004843
00004845
00004846
00004847
00004848
00004849
00004850
00004851
00004852
00004853
00004854
00004855
00004856
00004857
00004858
00004859
00004861
00004862
00004863
00004864
00004865
00004866
00004868
00004870
00004871
00004873
00004874
00004875
00004876
00004877
00004878
00004879
00004880
00004881
00004883
00004884
00004885
00004886
00004887
00004888
00004889
00004890
00004891
00004892
00004893
00004894
00004896
00004897
00004898
00004899
00004900
00004901
00004902
00004903
00004905
00004906
00004907
00004909
00004910
00004911
00004912
00004913
00004917
00004918
00004920
00004925
00004926
00004927
00004929
00004930
00004931
00004932
00004934
00004935
00004936
00004937
00004938
00004939
00004940
00004942
00004943
00004944
00004945
00004946
00004947
00004948
00004949
00004951
00004952
00004953
00004954
00004956
00004957
00004958
00004959
00004960
00004962
00004963
00004964
00004965
00004966
00004967
00004968
00004969
00004970
00004971
00004972
00004973
00004974
00004975
00004976
00004977
00004978
00004979
00004980
00004981
00004982
00004983
00004984
00004985
00004986
00004987
00004988
00004992
00004993
00004996
00004997
00004998
00004999
00005005
00005006
00005007
00005008
00005010
00005011
00005014
00005017
00005018
00005019
00005021
00005023
00005025
00005032
00005033
00005036
00005038
00005039
00005040
00005041
00005042
00005044
00005045
00005046
00005047
00005048
00005049
00005051
00005055
00005057
00005059
00005060
00005061
00005062
00005063
00005064
00005066
00005067
00005068
00005071
00005074
00005075
00005076
00005077
00005080
00005082
00005083
00005084
00005085
00005086
00005087
00005089
00005091
00005092
00005093
00005094
00005095
00005096
00005097
00005098
00005099
00005100
00005101
00005102
00005103
00005104
00005106
00005107
00005108
00005110
00005111
00005112
00005113
00005116
00005121
00005123
00005124
00005125
00005126
00005128
00005134
00005140
00005141
00005143
00005144
00005146
00005147
00005148
00005152
00005153
00005155
00005156
00005157
00005158
00005159
00005160
00005161
00005162
00005169
00005176
00005177
00005178
00005179
00005180
00005181
00005182
00005183
00005184
00005185
00005188
00005189
00005190
00005192
00005195
00005196
00005197
00005198
00005199
00005200
00005201
00005202
00005203
00005204
00005205
00005207
00005208
00005209
00005210
00005211
00005212
00005213
00005214
00005215
00005216
00005217
00005218
00005219
00005220
00005221
00005222
00005223
00005224
00005225
00005226
00005227
00005228
00005229
00005231
00005232
00005236
00005237
00005239
00005240
00005244
00005245
00005247
00005248
00005251
00005252
00005253
00005254
00005255
00005256
00005257
00005258
00005260
00005261
00005266
00005268
00005269
00005270
00005272
00005274
00005275
00005276
00005277
00005279
00005282
00005283
00005284
00005286
00005288
00005289
00005290
00005297
00005298
00005299
00005300
00005301
00005307
00005308
00005309
00005310
00005312
00005314
00005315
00005316
00005317
00005318
00005320
00005321
00005322
00005323
00005324
00005325
00005326
00005327
00005333
00005334
00005336
00005338
00005341
00005345
00005348
00005349
00005351
00005353
00005355
00005359
00005361
00005362
00005365
00005366
00005367
00005368
00005369
00005370
00005372
00005373
00005375
00005376
00005377
00005378
00005379
00005380
00005381
00005382
00005383
00005384
00005386
00005390
00005399
00005402
00005403
00005404
00005406
00005407
00005411
00005412
00005413
00005414
00005415
00005417
00005418
00005419
00005420
00005421
00005422
00005423
00005426
00005430
00005432
00005433
00005435
00005441
00005442
00005443
00005445
00005446
00005447
00005452
00005453
00005457
00005458
00005459
00005461
00005462
00005463
00005464
00005465
00005466
00005467
00005468
00005470
00005471
00005474
00005475
00005477
00005479
00005481
00005482
00005483
00005484
00005489
00005490
00005491
00005492
00005494
00005495
00005496
00005497
00005498
00005500
00005501
00005502
00005503
00005504
00005507
00005511
00005512
00005513
00005518
00005523
00005524
00005528
00005529
00005530
00005531
00005532
00005533
00005534
00005537
00005540
00005541
00005542
00005543
00005544
00005545
00005547
00005550
00005551
00005552
00005553
00005554
00005558
00005559
00005560
00005562
00005564
00005565
00005566
00005567
00005568
00005569
00005570
00005571
00005572
00005574
00005579
00005580
00005581
00005590
00005592
00005595
00005596
00005597
00005598
00005599
00005601
00005608
00005609
00005610
00005612
00005613
00005614
00005615
00005616
00005617
00005618
00005619
00005620
00005621
00005622
00005623
00005624
00005626
00005628
00005630
00005632
00005633
00005644
00005645
00005647
00005654
00005655
00005656
00005657
00005658
00005661
00005662
00005663
00005664
00005666
00005667
00005668
00005674
00005676
00005679
00005682
00005683
00005684
00005685
00005688
00005690
00005694
00005699
00005700
00005701
00005703
00005705
00005706
00005707
00005708
00005709
00005711
00005712
00005713
00005714
00005715
00005721
00005722
00005723
00005724
00005725
00005727
00005730
00005732
00005733
00005734
00005735
00005736
00005737
00005740
00005742
00005744
00005747
00005748
00005749
00005750
00005751
00005752
00005753
00005754
00005763
00005765
00005766
00005768
00005770
00005773
00005774
00005775
00005777
00005778
00005780
00005781
00005782
00005783
00005784
00005787
00005791
00005793
00005795
00005799
00005800
00005801
00005802
00005804
00005809
00005810
00005811
00005812
00005816
00005817
00005821
00005822
00005824
00005825
00005826
00005827
00005828
00005830
00005835
00005836
00005837
00005840
00005842
00005843
00005847
00005848
00005849
00005850
00005852
00005853
00005854
00005856
00005857
00005858
00005859
00005865
00005867
00005870
00005874
00005875
00005879
00005880
00005881
00005882
00005883
00005887
00005888
00005889
00005892
00005894
00005896
00005897
00005898
00005899
00005900
00005904
00005905
00005906
00005907
00005909
00005911
00005912
00005913
00005914
00005915
00005916
00005917
00005921
00005925
00005926
00005927
00005934
00005937
00005945
00005946
00005947
00005948
00005950
00005951
00005952
00005953
00005954
00005955
00005956
00005957
00005958
00005959
00005961
00005962
00005963
00005964
00005969
00005975
00005976
00005977
00005980
00005981
00005982
00005983
00005985
00005989
00005991
00005992
00005993
00005996
00005997
00006000
00006002
00006003
00006004
00006005
00006006
00006007
00006008
00006010
00006011
00006012
00006013
00006014
00006016
00006022
00006024
00006026
00006027
00006028
00006029
00006031
00006033
00006034
00006035
00006039
00006040
00006043
00006044
00006046
00006048
00006050
00006051
00006052
00006053
00006056
00006057
00006058
00006059
00006060
00006063
00006066
00006067
00006068
00006069
00006070
00006071
00006072
00006076
00006077
00006080
00006081
00006083
00006086
00006088
00006093
00006102
00006103
00006108
00006109
00006111
00006112
00006113
00006116
00006121
00006122
00006123
00006125
00006126
00006127
00006129
00006130
00006132
00006135
00006136
00006137
00006139
00006142
00006143
00006147
00006149
00006150
00006152
00006154
00006163
00006165
00006166
00006167
00006173
00006177
00006188
00006190
00006193
00006194
00006195
00006196
00006197
00006204
00006208
00006210
00006213
00006221
00006223
00006228
00006229
00006231
00006232
00006235
00006236
00006239
00006240
00006241
00006244
00006245
00006246
00006247
00006248
00006251
00006253
00006256
00006258
00006263
00006264
00006265
00006266
00006267
00006268
00006269
00006270
00006272
00006273
00006276
00006278
00006280
00006281
00006282
00006283
00006284
00006285
00006286
00006291
00006298
00006302
00006306
00006307
00006310
00006314
00006316
00006317
00006321
00006322
00006323
00006327
00006329
00006330
00006331
00006333
00006336
00006338
00006339
00006340
00006341
00006345
00006347
00006348
00006349
00006351
00006354
00006356
00006359
00006362
00006366
00006368
00006372
00006373
00006374
00006376
00006382
00006383
00006385
00006387
00006388
00006389
00006390
00006391
00006392
00006394
00006400
00006401
00006403
00006406
00006407
00006408
00006409
00006414
00006424
00006428
00006429
00006430
00006431
00006432
00006433
00006434
00006436
00006437
00006438
00006439
00006443
00006444
00006445
00006447
00006448
00006450
00006451
00006453
00006454
00006455
00006456
00006457
00006458
00006459
00006460
00006462
00006463
00006464
00006465
00006466
00006467
00006468
00006470
00006471
00006472
00006473
00006474
00006475
00006477
00006478
00006479
00006481
00006482
00006485
00006488
00006493
00006494
00006495
00006496
00006497
00006498
00006501
00006502
00006504
00006512
00006513
00006515
00006516
00006517
00006519
00006520
00006522
00006523
00006524
00006527
00006528
00006529
00006530
00006535
00006538
00006539
00006540
00006542
00006544
00006545
00006546
00006547
00006548
00006549
00006551
00006552
00006553
00006554
00006555
00006557
00006559
00006560
00006562
00006563
00006566
00006572
00006573
00006574
00006575
00006576
00006577
00006578
00006579
00006580
00006581
00006584
00006585
00006586
00006587
00006588
00006589
00006591
00006594
00006600
00006601
00006603
00006606
00006608
00006616
00006617
00006619
00006620
00006622
00006625
00006627
00006630
00006631
00006633
00006634
00006636
00006638
00006640
00006641
00006643
00006644
00006645
00006647
00006648
00006649
00006650
00006654
00006655
00006656
00006658
00006660
00006662
00006667
00006668
00006669
00006670
00006671
00006672
00006673
00006674
00006676
00006677
00006678
00006680
00006681
00006682
00006683
00006684
00006685
00006686
00006687
00006690
00006691
00006693
00006695
00006699
00006700
00006701
00006702
00006703
00006704
00006705
00006709
00006711
00006712
00006714
00006715
00006720
00006721
00006723
00006726
00006730
00006733
00006737
00006739
00006743
00006749
00006752
00006753
00006754
00006758
00006766
00006773
00006776
00006778
00006779
00006780
00006781
00006782
00006787
00006788
00006789
00006791
00006793
00006798
00006799
00006802
00006803
00006807
00006809
00006812
00006815
00006817
00006819
00006820
00006821
00006823
00006824
00006825
00006826
00006828
00006829
00006830
00006835
00006836
00006842
00006843
00006844
00006846
00006854
00006855
00006856
00006859
00006860
00006861
00006862
00006863
00006865
00006866
00006867
00006869
00006870
00006871
00006873
00006874
00006875
00006879
00006880
00006881
00006882
00006883
00006884
00006885
00006886
00006887
00006888
00006889
00006891
00006892
00006893
00006894
00006896
00006897
00006898
00006899
00006904
00006905
00006907
00006908
00006912
00006913
00006915
00006916
00006927
00006928
00006931
00006933
00006937
00006938
00006939
00006940
00006941
00006942
00006943
00006944
00006945
00006946
00006948
00006949
00006950
00006951
00006952
00006954
00006955
00006956
00006957
00006958
00006959
00006961
00006964
00006965
00006966
00006967
00006968
00006971
00006972
00006973
00006974
00006975
00006977
00006980
00006982
00006983
00006985
00006988
00006989
00006991
00006992
00006995
00006998
00006999
00007000
00007001
00007007
00007008
00007013
00007014
00007015
00007016
00007017
00007019
00007021
00007023
00007024
00007025
00007026
00007027
00007028
00007032
00007033
00007034
00007035
00007039
00007040
00007041
00007042
00007044
00007045
00007047
00007049
00007051
00007053
00007054
00007056
00007057
00007059
00007060
00007062
00007063
00007065
00007066
00007067
00007070
00007072
00007074
00007075
00007078
00007079
00007080
00007082
00007083
00007086
00007087
00007089
00007091
00007092
00007093
00007094
00007097
00007098
00007100
00007101
00007102
00007104
00007106
00007107
00007109
00007110
00007112
00007114
00007118
00007119
00007120
00007121
00007126
00007127
00007128
00007129
00007132
00007133
00007136
00007137
00007139
00007140
00007143
00007144
00007145
00007146
00007150
00007151
00007152
00007158
00007159
00007162
00007163
00007164
00007165
00007166
00007167
00007168
00007169
00007170
00007174
00007184
00007185
00007186
00007188
00007189
00007190
00007191
00007192
00007193
00007194
00007195
00007199
00007201
00007202
00007211
00007213
00007215
00007216
00007218
00007219
00007220
00007221
00007222
00007223
00007224
00007227
00007228
00007229
00007230
00007232
00007233
00007234
00007235
00007236
00007237
00007238
00007239
00007241
00007242
00007245
00007247
00007249
00007250
00007251
00007252
00007253
00007254
00007255
00007256
00007257
00007258
00007260
00007261
00007262
00007263
00007265
00007267
00007268
00007269
00007270
00007271
00007272
00007273
00007274
00007275
00007279
00007280
00007281
00007282
00007286
00007287
00007288
00007289
00007290
00007291
00007292
00007293
00007294
00007297
00007299
00007303
00007304
00007308
00007312
00007313
00007319
00007320
00007321
00007324
00007326
00007329
00007330
00007331
00007338
00007339
00007340
00007341
00007342
00007343
00007344
00007347
00007348
00007349
00007351
00007357
00007361
00007363
00007364
00007385
00007386
00007388
00007392
00007395
00007396
00007397
00007398
00007403
00007412
00007418
00007419
00007421
00007423
00007424
00007425
00007426
00007427
00007428
00007429
00007430
00007432
00007433
00007434
00007438
00007439
00007440
00007441
00007442
00007445
00007447
00007448
00007449
00007450
00007451
00007453
00007454
00007458
00007459
00007460
00007461
00007462
00007463
00007464
00007466
00007467
00007468
00007469
00007470
00007471
00007472
00007474
00007475
00007483
00007484
00007485
00007486
00007487
00007488
00007489
00007490
00007492
00007493
00007494
00007496
00007498
00007502
00007507
00007508
00007510
00007511
00007514
00007516
00007520
00007523
00007526
00007527
00007529
00007531
00007532
00007533
00007534
00007536
00007538
00007539
00007540
00007541
00007544
00007547
00007548
00007550
00007551
00007553
00007555
00007556
00007557
00007558
00007560
00007562
00007563
00007564
00007565
00007566
00007569
00007570
00007571
00007572
00007573
00007574
00007575
00007584
00007585
00007586
00007589
00007590
00007605
00007606
00007607
00007611
00007612
00007613
00007616
00007617
00007622
00007624
00007625
00007626
00007628
00007633
00007634
00007636
00007637
00007638
00007640
00007641
00007642
00007644
00007645
00007647
00007648
00007649
00007650
00007651
00007652
00007654
00007655
00007656
00007657
00007658
00007663
00007670
00007672
00007673
00007676
00007677
00007683
00007685
00007687
00007688
00007691
00007692
00007693
00007695
00007696
00007708
00007709
00007710
00007711
00007718
00007722
00007723
00007725
00007726
00007728
00007730
00007731
00007734
00007735
00007736
00007737
00007738
00007739
00007741
00007746
00007747
00007749
00007750
00007751
00007754
00007756
00007758
00007759
00007760
00007764
00007765
00007767
00007768
00007769
00007771
00007772
00007773
00007774
00007776
00007777
00007787
00007792
00007793
00007795
00007796
00007797
00007804
00007806
00007808
00007809
00007810
00007811
00007812
00007813
00007815
00007816
00007817
00007818
00007821
00007822
00007823
00007825
00007826
00007827
00007828
00007829
00007833
00007834
00007835
00007837
00007838
00007839
00007841
00007842
00007843
00007845
00007848
00007850
00007852
00007854
00007855
00007857
00007858
00007860
00007861
00007862
00007867
00007870
00007871
00007872
00007877
00007878
00007879
00007880
00007881
00007882
00007883
00007884
00007885
00007886
00007887
00007888
00007889
00007893
00007903
00007904
00007911
00007913
00007914
00007915
00007920
00007921
00007922
00007923
00007924
00007925
00007927
00007930
00007936
00007937
00007938
00007939
00007940
00007941
00007943
00007944
00007945
00007948
00007952
00007955
00007956
00007959
00007960
00007970
00007973
00007980
00007983
00007985
00007990
00007992
00007993
00007994
00007995
00007996
00008007
00008008
00008011
00008012
00008013
00008015
00008016
00008017
00008018
00008019
00008020
00008021
00008022
00008024
00008027
00008028
00008029
00008031
00008036
00008037
00008040
00008043
00008044
00008046
00008051
00008052
00008054
00008056
00008057
00008063
00008065
00008069
00008077
00008090
00008091
00008094
00008098
00008100
00008102
00008105
00008106
00008109
00008110
00008111
00008113
00008114
00008115
00008116
00008117
00008119
00008120
00008121
00008125
00008126
00008128
00008129
00008130
00008132
00008135
00008136
00008138
00008141
00008155
00008156
00008157
00008158
00008159
00008160
00008161
00008162
00008165
00008166
00008167
00008168
00008169
00008171
00008172
00008173
00008176
00008177
00008178
00008179
00008182
00008183
00008184
00008185
00008187
00008192
00008193
00008194
00008195
00008204
00008205
00008210
00008215
00008218
00008219
00008221
00008223
00008226
00008230
00008231
00008234
00008235
00008236
00008237
00008240
00008243
00008245
00008246
00008247
00008251
00008252
00008253
00008254
00008255
00008256
00008260
00008261
00008265
00008269
00008271
00008274
00008277
00008278
00008279
00008280
00008282
00008283
00008285
00008288
00008291
00008293
00008295
00008297
00008298
00008299
00008300
00008302
00008304
00008305
00008306
00008308
00008310
00008311
00008312
00008313
00008314
00008315
00008316
00008317
00008319
00008320
00008322
00008325
00008326
00008327
00008328
00008329
00008330
00008331
00008333
00008336
00008338
00008339
00008340
00008342
00008345
00008346
00008352
00008353
00008356
00008357
00008358
00008359
00008361
00008363
00008366
00008373
00008374
00008376
00008377
00008378
00008379
00008380
00008381
00008385
00008390
00008391
00008394
00008395
00008396
00008398
00008399
00008404
00008405
00008409
00008411
00008412
00008413
00008415
00008416
00008417
00008418
00008419
00008420
00008421
00008422
00008423
00008425
00008426
00008427
00008428
00008429
00008430
00008431
00008433
00008435
00008437
00008439
00008440
00008441
00008443
00008444
00008445
00008449
00008450
00008451
00008452
00008453
00008454
00008455
00008456
00008462
00008465
00008466
00008467
00008470
00008473
00008478
00008479
00008480
00008482
00008483
00008484
00008490
00008496
00008498
00008499
00008504
00008506
00008507
00008509
00008510
00008512
00008513
00008514
00008515
00008518
00008519
00008520
00008521
00008522
00008523
00008524
00008525
00008526
00008529
00008531
00008532
00008533
00008534
00008535
00008536
00008538
00008542
00008544
00008545
00008552
00008553
00008554
00008555
00008556
00008557
00008564
00008566
00008570
00008571
00008572
00008576
00008577
00008578
00008579
00008580
00008587
00008592
00008596
00008597
00008598
00008599
00008601
00008603
00008605
00008607
00008609
00008610
00008611
00008612
00008614
00008617
00008618
00008622
00008623
00008624
00008625
00008626
00008627
00008628
00008629
00008633
00008636
00008637
00008638
00008639
00008640
00008641
00008642
00008643
00008644
00008645
00008650
00008652
00008656
00008663
00008664
00008666
00008667
00008668
00008670
00008671
00008672
00008673
00008675
00008676
00008680
00008681
00008682
00008685
00008686
00008687
00008688
00008689
00008690
00008692
00008693
00008696
00008697
00008698
00008699
00008700
00008702
00008703
00008704
00008705
00008706
00008707
00008708
00008709
00008712
00008713
00008714
00008715
00008716
00008717
00008718
00008719
00008723
00008724
00008725
00008727
00008732
00008733
00008735
00008736
00008739
00008746
00008747
00008748
00008749
00008750
00008752
00008753
00008759
00008760
00008761
00008763
00008766
00008770
00008771
00008773
00008776
00008777
00008778
00008781
00008782
00008784
00008787
00008804
00008805
00008806
00008807
00008808
00008810
00008813
00008814
00008815
00008819
00008820
00008824
00008825
00008826
00008827
00008829
00008830
00008831
00008832
00008836
00008837
00008838
00008840
00008841
00008858
00008860
00008861
00008873
00008875
00008876
00008883
00008884
00008886
00008890
00008891
00008892
00008893
00008895
00008896
00008898
00008899
00008900
00008901
00008902
00008903
00008904
00008906
00008907
00008909
00008912
00008916
00008918
00008919
00008920
00008922
00008926
00008929
00008931
00008932
00008933
00008934
00008935
00008936
00008938
00008939
00008941
00008942
00008948
00008950
00008951
00008953
00008954
00008955
00008956
00008957
00008958
00008959
00008960
00008961
00008964
00008966
00008968
00008969
00008970
00008972
00008973
00008974
00008975
00008980
00008983
00008984
00008985
00008986
00008987
00008989
00008990
00008991
00008992
00008993
00008994
00008996
00008997
00008998
00008999
00009000
00009002
00009004
00009005
00009006
00009008
00009009
00009012
00009013
00009014
00009016
00009017
00009022
00009023
00009024
00009025
00009027
00009030
00009031
00009035
00009038
00009039
00009040
00009041
00009042
00009044
00009045
00009046
00009047
00009049
00009051
00009052
00009053
00009055
00009062
00009063
00009064
00009066
00009068
00009071
00009072
00009073
00009074
00009079
00009082
00009084
00009090
00009091
00009092
00009093
00009094
00009097
00009098
00009099
00009101
00009102
00009103
00009105
00009106
00009107
00009108
00009110
00009111
00009113
00009117
00009118
00009120
00009124
00009126
00009127
00009128
00009129
00009130
00009131
00009132
00009141
00009142
00009143
00009146
00009147
00009153
00009161
00009162
00009163
00009164
00009169
00009173
00009174
00009175
00009179
00009181
00009182
00009184
00009185
00009187
00009188
00009189
00009207
00009208
00009210
00009211
00009216
00009217
00009219
00009225
00009227
00009230
00009231
00009232
00009233
00009238
00009239
00009240
00009241
00009242
00009245
00009247
00009249
00009250
00009251
00009252
00009253
00009254
00009255
00009256
00009258
00009259
00009262
00009266
00009267
00009268
00009269
00009270
00009273
00009274
00009276
00009277
00009278
00009279
00009280
00009281
00009284
00009289
00009292
00009296
00009299
00009300
00009301
00009302
00009303
00009304
00009305
00009306
00009307
00009308
00009310
00009311
00009315
00009316
00009317
00009318
00009319
00009320
00009321
00009322
00009324
00009341
00009342
00009344
00009354
00009356
00009357
00009361
00009370
00009373
00009375
00009376
00009377
00009378
00009379
00009380
00009382
00009383
00009385
00009386
00009388
00009402
00009403
00009404
00009408
00009410
00009411
00009412
00009414
00009415
00009416
00009417
00009418
00009421
00009423
00009424
00009425
00009426
00009427
00009428
00009429
00009435
00009438
00009439
00009444
00009448
00009452
00009454
00009463
00009464
00009465
00009466
00009467
00009468
00009469
00009471
00009472
00009474
00009476
00009477
00009478
00009482
00009483
00009484
00009485
00009486
00009487
00009492
00009493
00009495
00009496
00009497
00009499
00009500
00009501
00009502
00009504
00009505
00009508
00009515
00009517
00009518
00009519
00009526
00009527
00009528
00009529
00009533
00009535
00009536
00009541
00009544
00009547
00009548
00009549
00009550
00009552
00009553
00009559
00009560
00009563
00009566
00009570
00009572
00009574
00009578
00009579
00009581
00009583
00009585
00009586
00009594
00009595
00009596
00009602
00009603
00009606
00009607
00009608
00009609
00009610
00009612
00009613
00009614
00009615
00009616
00009619
00009622
00009623
00009625
00009626
00009627
00009629
00009632
00009634
00009635
00009636
00009637
00009638
00009640
00009641
00009642
00009643
00009645
00009649
00009651
00009652
00009655
00009659
00009660
00009661
00009662
00009667
00009668
00009671
00009674
00009675
00009676
00009680
00009682
00009683
00009684
00009685
00009686
00009687
00009688
00009693
00009694
00009697
00009699
00009700
00009701
00009702
00009704
00009707
00009709
00009711
00009713
00009715
00009717
00009719
00009720
00009722
00009724
00009725
00009726
00009727
00009728
00009729
00009730
00009731
00009732
00009733
00009734
00009735
00009736
00009737
00009738
00009739
00009740
00009741
00009742
00009743
00009744
00009745
00009746
00009747
00009748
00009749
00009750
00009752
00009753
00009754
00009755
00009759
00009760
00009761
00009762
00009763
00009764
00009765
00009766
00009767
00009769
00009770
00009773
00009774
00009779
00009780
00009781
00009789
00009791
00009793
00009796
00009799
00009801
00009802
00009803
00009805
00009806
00009808
00009809
00009810
00009813
00009815
00009818
00009819
00009820
00009821
00009822
00009823
00009824
00009825
00009826
00009827
00009828
00009829
00009830
00009831
00009832
00009833
00009834
00009835
00009840
00009841
00009843
00009846
00009849
00009851
00009853
00009854
00009858
00009861
00009863
00009864
00009865
00009867
00009868
00009869
00009870
00009871
00009872
00009873
00009874
00009877
00009878
00009879
00009880
00009881
00009882
00009883
00009884
00009885
00009886
00009887
00009888
00009889
00009890
00009891
00009892
00009893
00009894
00009895
00009896
00009897
00009898
00009899
00009900
00009901
00009902
00009903
00009904
00009905
00009906
00009907
00009908
00009910
00009911
00009913
00009919
00009924
00009927
00009929
00009930
00009931
00009933
00009934
00009936
00009937
00009938
00009939
00009940
00009941
00009942
00009943
00009944
00009946
00009947
00009950
00009951
00009953
00009954
00009955
00009956
00009958
00009959
00009960
00009963
00009982
00009987
00009989
00009993
00009994
00009996
00009998
00009999
